84
73
70
12
61
90
59
85
95
10
5
60
78
99
13
3
51
90
5
86
29
69
5
93
38
8
63
17
88
32
5
42
61
39
37
18
23
18
21
57
75
80
27
28
38
73
76
9
23
15
19
45
83
56
7
11
54
23
11
51
63
69
44
51
41
34
8
87
20
57
94
85
100
69
80
61
54
99
15
83
7
41
53
100
83
91
60
94
51
9
51
61
58
18
90
85
31
48
89
57
81
70
37
52
82
4
73
21
69
16
4
59
50
52
45
1
78
28
82
77
21
9
31
29
98
24
43
77
34
95
48
30
26
83
2
79
68
63
66
61
48
64
19
44
100
45
34
7
15
78
88
36
50
62
79
3
57
71
31
24
87
67
36
61
39
79
93
87
74
89
60
95
57
89
72
85
95
53
22
82
2
49
79
70
24
13
90
96
74
7
66
59
37
56
68
39
2
55
61
69
57
35
50
92
95
10
5
73
100
56
20
21
25
44
23
83
34
50
35
55
37
51
85
7
53
47
71
50
85
24
98
50
15
11
74
39
10
85
83
49
2
66
96
74
65
78
84
76
49
19
99
42
27
12
43
72
60
87
32
24
40
45
94
87
53
58
15
25
61
83
56
42
28
38
55
90
3
78
64
64
81
70
16
35
79
7
22
52
2
79
82
34
18
50
65
40
84
46
52
44
48
33
98
5
96
96
15
92
75
21
91
12
91
15
73
62
90
7
88
43
97
79
36
57
7
77
19
94
15
2
84
22
42
1
86
93
80
28
36
31
31
8
46
4
56
44
63
48
71
49
88
7
71
14
92
18
89
66
59
63
69
80
16
84
23
84
20
56
100
97
40
77
12
96
93
23
69
4
41
76
98
4
20
26
15
99
84
72
20
21
27
18
71
48
8
23
51
100
99
93
94
79
93
48
24
9
7
84
46
84
81
98
77
79
52
24
24
92
98
27
4
34
1
49
37
6
74
4
85
1
22
60
3
36
62
16
1
55
99
25
48
23
10
1
14
66
31
43
34
70
54
69
11
83
78
62
53
72
48
68
80
50
84
72
31
97
55
81
87
53
35
79
8
51
10
23
49
11
42
66
62
80
73
18
31
78
29
19
16
18
87
18
42
16
82
12
58
34
63
46
8
8
36
9
69
47
29
83
18
11
37
24
54
67
80
89
87
83
30
33
61
43
65
21
69
51
65
19
8
7
46
24
4
58
70
51
72
65
31
62
16
63
73
27
60
23
21
88
26
34
40
99
90
54
100
33
43
82
33
33
100
91
33
9
45
1
74
33
11
45
23
48
74
76
58
67
24
20
52
12
61
52
86
90
94
96
39
44
24
9
63
70
82
15
32
88
61
55
58
87
97
25
75
21
70
87
83
19
99
32
56
59
18
72
68
56
60
88
57
9
63
67
36
80
48
97
75
70
1
6
92
78
21
32
81
59
12
86
64
60
1
2
14
75
47
34
19
2
99
9
85
55
53
23
55
46
79
58
39
7
36
3
60
39
36
96
68
4
30
44
48
72
11
56
68
43
29
87
92
41
82
72
93
79
76
5
21
70
98
95
99
70
57
12
7
45
11
85
8
30
10
63
23
87
63
5
95
60
54
89
99
89
76
27
62
22
7
91
38
87
86
57
18
69
69
96
10
56
67
46
15
51
38
26
45
96
83
78
1
81
66
51
86
47
17
33
82
51
3
88
33
11
16
24
32
59
84
19
79
4
3
21
28
7
30
46
47
69
39
23
100
44
24
49
97
63
8
1
90
37
82
30
15
93
67
45
84
47
31
10
8
35
70
29
55
3
72
40
14
61
41
47
58
85
46
100
81
59
48
75
9
9
53
28
35
61
73
26
80
37
11
22
99
44
35
97
31
63
49
6
38
75
93
41
94
9
33
45
49
67
64
19
59
40
96
43
61
98
11
67
45
62
74
28
86
1
14
13
32
53
6
34
43
82
21
51
17
65
69
78
67
6
92
39
64
59
81
2
1
1
33
68
51
89
34
21
9
5
31
74
24
7
82
51
72
69
34
88
46
53
62
78
21
79
81
21
85
24
72
12
85
19
91
88
39
87
72
60
88
56
72
47
19
54
85
95
17
16
50
76
78
49
14
17
92
85
50
32
86
44
50
30
50
88
25
58
65
55
55
86
12
10
76
71
25
65
31
84
49
70
5
73
45
47
18
10
35
51
97
83
48
44
59
32
11
85
56
51
53
89
6
1
80
25
64
63
41
63
17
47
62
13
26
6
99
92
96
71
82
1
